# This file contains various terminal calls of programs and their document ID's


### api 1
/d/9aa9c4b314d33aeb8a198761
/w/dfa67ad260696eabe6c2af3b
/e/22469d0fc17f4bb968a0c2c5

scratch pad:
python3 shapeapi.py -d 9aa9c4b314d33aeb8a198761 -w dfa67ad260696eabe6c2af3b -e 22469d0fc17f4bb968a0c2c5


### api 2

/d/dd3414d7ce4a85936fabc2dd
/w/2e1ab461aae1e88b62babc36
/e/311ad6e8747c57d315ab0332

motor:
python3 shapeapi.py -d dd3414d7ce4a85936fabc2dd -w 2e1ab461aae1e88b62babc36 -e 311ad6e8747c57d315ab0332

box and plane:
python3 shapeapi.py -d dd3414d7ce4a85936fabc2dd -w 2e1ab461aae1e88b62babc36 -e 4272ac4853e79613479909d0
python3 transforms.py -d dd3414d7ce4a85936fabc2dd -w 2e1ab461aae1e88b62babc36 -e 4272ac4853e79613479909d0


### dice
https://rogers.onshape.com/documents/b0fde7c612d8c316b237ea4b/w/ed6cd2053d8e2316c3763aad/e/8702e117e1605ddf1099e5f9
python3 transforms.py -d b0fde7c612d8c316b237ea4b -w ed6cd2053d8e2316c3763aad -e 8702e117e1605ddf1099e5f9

### python3 dice_demo.py -p /dev/tty.LEGOHubOwen-SerialPortP 


### LEGO Spike Prime Complete Set - Demo
https://rogers.onshape.com/documents/ede5b298fabfaa8e77cfce0f/w/2886cd6354fd48b86595d86d/e/7153984ee942e8628b5d06aa
python3 transforms.py -d ede5b298fabfaa8e77cfce0f -w 2886cd6354fd48b86595d86d -e 7153984ee942e8628b5d06aa

https://rogers.onshape.com/api/assemblies/d/ede5b298fabfaa8e77cfce0f/w/2886cd6354fd48b86595d86d/e/7153984ee942e8628b5d06aa

### LEGO Small Spike Motor
python3 transforms.py -d faa054c33dbf50b8a8fcfa4d -w 9db11badd909f2170f4bf0b2 -e dcab898a0269b6f07539fb65

### LEGO Spike Prime Complete Set - Demo 2
python3 transforms.py -d ede5b298fabfaa8e77cfce0f -w 2886cd6354fd48b86595d86d -e 6d6ae652917f4f958770cd1f

### MISC
python3 transforms.py -d 12ae4e8452feed57f993bda3 -w bbe3cde5759d1f0c7b2a6f0f -e 19d07ad5e095d8e008c522b3
python3 transforms.py -d 12ae4e8452feed57f993bda3 -w bbe3cde5759d1f0c7b2a6f0f -e 19d07ad5e095d8e008c522b3
python3 transforms.py -d 12ae4e8452feed57f993bda3 -w bbe3cde5759d1f0c7b2a6f0f -e 866bf4cbbb1497e5cad582c5


### Nested Assemblies
python3 transforms.py -d dd3414d7ce4a85936fabc2dd -w 2e1ab461aae1e88b62babc36 -e f972fe95a1b305aec85caf4b
https://rogers.onshape.com/api/assemblies/d/dd3414d7ce4a85936fabc2dd/w/2e1ab461aae1e88b62babc36/e/f972fe95a1b305aec85caf4b


### Virtual Twin
python3 transforms.py -d b9ab8b663a1f2b064d769a9f -w c2b780b0662473dd2b356f20 -e 2aebe8b5d73807cef5eaae1a

### Virtual Complex
python3 transforms.py -d b9ab8b663a1f2b064d769a9f -w c2b780b0662473dd2b356f20 -e a54a8023e65a26c512784698


### Two Motor Twin
https://cad.onshape.com/documents/ -d 70fe5e3fc6fb7ea76acdacdb -w 87adcff3121df77f01ac761a -e c6531610a56df016ac49498f

assembly definition:
https://rogers.onshape.com/api/assemblies/d/ede5b298fabfaa8e77cfce0fd/w/2886cd6354fd48b86595d86d/e/6d6ae652917f4f958770cd1f?includeMateFeatures=true
https://rogers.onshape.com/api/assemblies/d/ede5b298fabfaa8e77cfce0f/w/2886cd6354fd48b86595d86d/e/6d6ae652917f4f958770cd1f


https://rogers.onshape.com/api/assemblies/d/dd3414d7ce4a85936fabc2dd/w/2e1ab461aae1e88b62babc36/e/311ad6e8747c57d315ab0332?includeMateFeatures=false&includeNonSolids=false&includeMateConnectors=false

https://rogers.onshape.com/api/assemblies/d/dd3414d7ce4a85936fabc2dd/w/2e1ab461aae1e88b62babc36/e/311ad6e8747c57d315ab0332/occurrencetransforms


### Box and Plane Parts
python3 features.py -d dd3414d7ce4a85936fabc2dd -w 2e1ab461aae1e88b62babc36 -e 7174e4378bb70c9e5468a25d
https://rogers.onshape.com/documents/dd3414d7ce4a85936fabc2dd/w/2e1ab461aae1e88b62babc36/e/7174e4378bb70c9e5468a25d


### Transform headers
{
    "occurrences": [
        {
          "path": [
            "MqlDsiIe9pyyEuWkX"
          ],
          "transform": [
            1.0, 0.0, 0.0, 0.0,
            0.0, 1.0, 0.0, 0.0,
            0.0, 0.0, 1.0, 0.0,
            0.0, 0.0, 0.0,  1.0
          ],
          "fixed": false,
          "hidden": false
        },
        {
          "path": [
            "MOGu3YOoeB11XHLHg"
          ],
          "transform": [
            1.0, 0.0, 0.0, 0.0,
            0.0, 1.0, 0.0, 0.0,
            0.0, 0.0, 1.0, 0.0,
            0.0, 0.0, 0.0,  1.0
          ],
          "fixed": false,
          "hidden": false
        },
        {
          "path": [
            "MngGHQsXx7NsKcacV"
          ],
          "transform": [
            1.0, 0.0, 0.0, 0.0,
            0.0, 1.0, 0.0, 0.0,
            0.0, 0.0, 1.0, 0.0,
            0.0, 0.0, 0.0,  1.0
          ],
          "fixed": false,
          "hidden": false
        }
      ],
    "transform": [
            1.0, 0.0, 0.0, 0.0,
            0.0, 1.0, 0.0, 0.0,
            0.0, 0.0, 1.0, 0.0,
            0.0, 0.0, 0.0,  1.0
            ],
    "isRelative": false
}

// // reset transform / 0 degrees
"transform": [                
      1 , 0 , 0 , 0 ,
      0 , 1 , 0 , 0 ,
      0 , 0 , 1 , 0 ,
      0 , 0 , 0 , 1 
    ],                

// // 30 degrees
"transform": [                                
    0.8660254038, -0.5        ,         0,         0,
    0.5         , 0.8660254038,         0,         0,
    0           , 0           ,         1,         0,
    0           , 0           ,         0,         1    
  ],

// // 60 degrees
"transform": [                
    0.5         , -0.8660254038,        0,          0,
    0.8660254038, 0.5          ,        0,          0,
    0           , 0            ,        1,          0,
    0           , 0            ,        0,          1
  ],                


### Example assembly definition
{
  "rootAssembly": {
    "documentId": "dd3414d7ce4a85936fabc2dd",
    "documentMicroversion": "b4714a887a541af86ce08df6",
    "configuration": "default",
    "fullConfiguration": "default",
    "elementId": "311ad6e8747c57d315ab0332",
    "occurrences": [
      {
        "path": [
          "M6RcehQr2iqwEpezi"
        ],
        "transform": [
          0.8660254038115399,
          -0.4999999999530587,
          0.0,
          -0.03237108540161354,
          0.4999999999530587,
          0.8660254038115399,
          0.0,
          0.029272982222352098,
          0.0,
          0.0,
          1.0,
          -0.009649013316215017,
          0.0,
          0.0,
          0.0,
          1.0
        ],
        "fixed": false,
        "hidden": false
      },
      {
        "path": [
          "MHhI5JSSw2Pzx8CSS"
        ],
        "transform": [
          1.0,
          4.930380657631324E-32,
          0.0,
          -0.006046178049452202,
          -4.930380657631324E-32,
          1.0,
          0.0,
          0.04650209046889202,
          0.0,
          0.0,
          1.0,
          -0.00945526331621502,
          0.0,
          0.0,
          0.0,
          1.0
        ],
        "fixed": true,
        "hidden": false
      },
      {
        "path": [
          "Mdry5HkOFa5m2sjYK"
        ],
        "transform": [
          1.0,
          0.0,
          0.0,
          -0.006046178049452202,
          0.0,
          1.0,
          0.0,
          0.04650209046889202,
          0.0,
          0.0,
          1.0,
          -0.009455263316215018,
          0.0,
          0.0,
          0.0,
          1.0
        ],
        "fixed": false,
        "hidden": false
      }
    ],
    "instances": [
      {
        "id": "M6RcehQr2iqwEpezi",
        "name": "Motor Axle <1>",
        "partId": "RwBD",
        "isStandardContent": false,
        "configuration": "default",
        "fullConfiguration": "default",
        "type": "Part",
        "suppressed": false,
        "documentId": "dd3414d7ce4a85936fabc2dd",
        "documentMicroversion": "b4714a887a541af86ce08df6",
        "elementId": "8a32b58d6dd610caca5f2b91"
      },
      {
        "id": "Mdry5HkOFa5m2sjYK",
        "name": "Motor Bottom <1>",
        "partId": "JoP",
        "isStandardContent": false,
        "configuration": "default",
        "fullConfiguration": "default",
        "type": "Part",
        "suppressed": false,
        "documentId": "dd3414d7ce4a85936fabc2dd",
        "documentMicroversion": "b4714a887a541af86ce08df6",
        "elementId": "8a32b58d6dd610caca5f2b91"
      },
      {
        "id": "MHhI5JSSw2Pzx8CSS",
        "name": "Motor Top <1>",
        "partId": "JHD",
        "isStandardContent": false,
        "configuration": "default",
        "fullConfiguration": "default",
        "type": "Part",
        "suppressed": false,
        "documentId": "dd3414d7ce4a85936fabc2dd",
        "documentMicroversion": "b4714a887a541af86ce08df6",
        "elementId": "8a32b58d6dd610caca5f2b91"
      }
    ],
    "features": [
      {
        "featureType": "mate",
        "id": "MajNHVPhAyzNunutT",
        "suppressed": false,
        "featureData": {
          "name": "Fastened 1",
          "mateType": "FASTENED",
          "matedEntities": [
            {
              "matedOccurrence": [
                "MHhI5JSSw2Pzx8CSS"
              ],
              "matedCS": {
                "origin": [
                  0.01898750000000001,
                  -0.03622500000000001,
                  0.0112375
                ],
                "xAxis": [
                  1.0,
                  3.5952818154959727E-16,
                  0.0
                ],
                "yAxis": [
                  -0.0,
                  0.0,
                  1.0
                ],
                "zAxis": [
                  3.5952818154959727E-16,
                  -1.0,
                  0.0
                ]
              }
            },
            {
              "matedOccurrence": [
                "Mdry5HkOFa5m2sjYK"
              ],
              "matedCS": {
                "origin": [
                  0.01898750000000001,
                  -0.03622500000000001,
                  0.011237499999999997
                ],
                "xAxis": [
                  1.0,
                  3.595281815495972E-16,
                  0.0
                ],
                "yAxis": [
                  0.0,
                  -0.0,
                  1.0
                ],
                "zAxis": [
                  3.595281815495972E-16,
                  -1.0,
                  -0.0
                ]
              }
            }
          ]
        }
      },
      {
        "featureType": "mate",
        "id": "MS6JLw4FmDX8OV1rp",
        "suppressed": false,
        "featureData": {
          "name": "Revolute 1",
          "mateType": "REVOLUTE",
          "matedEntities": [
            {
              "matedOccurrence": [
                "M6RcehQr2iqwEpezi"
              ],
              "matedCS": {
                "origin": [
                  0.018987500000000015,
                  -0.05773750000000001,
                  0.0
                ],
                "xAxis": [
                  1.0,
                  0.0,
                  0.0
                ],
                "yAxis": [
                  0.0,
                  -1.0,
                  0.0
                ],
                "zAxis": [
                  0.0,
                  0.0,
                  -1.0
                ]
              }
            },
            {
              "matedOccurrence": [
                "Mdry5HkOFa5m2sjYK"
              ],
              "matedCS": {
                "origin": [
                  0.018987500000000015,
                  -0.05773750000000001,
                  -1.9375000000000002E-4
                ],
                "xAxis": [
                  1.0,
                  0.0,
                  0.0
                ],
                "yAxis": [
                  0.0,
                  -1.0,
                  0.0
                ],
                "zAxis": [
                  0.0,
                  0.0,
                  -1.0
                ]
              }
            }
          ]
        }
      }
    ]
  },
  "subAssemblies": [],
  "parts": [
    {
      "documentId": "dd3414d7ce4a85936fabc2dd",
      "documentMicroversion": "b4714a887a541af86ce08df6",
      "configuration": "default",
      "fullConfiguration": "default",
      "elementId": "8a32b58d6dd610caca5f2b91",
      "partId": "RwBD",
      "bodyType": "solid",
      "isStandardContent": false
    },
    {
      "documentId": "dd3414d7ce4a85936fabc2dd",
      "documentMicroversion": "b4714a887a541af86ce08df6",
      "configuration": "default",
      "fullConfiguration": "default",
      "elementId": "8a32b58d6dd610caca5f2b91",
      "partId": "JHD",
      "bodyType": "solid",
      "isStandardContent": false
    },
    {
      "documentId": "dd3414d7ce4a85936fabc2dd",
      "documentMicroversion": "b4714a887a541af86ce08df6",
      "configuration": "default",
      "fullConfiguration": "default",
      "elementId": "8a32b58d6dd610caca5f2b91",
      "partId": "JoP",
      "bodyType": "solid",
      "isStandardContent": false
    }
  ],
  "partStudioFeatures": []
}


### Part List


[
  {
    "state": "IN_PROGRESS",
    "name": "Motor Top",
    "description": null,
    "revision": null,
    "elementId": "23cb41639794ac5f8d835823",
    "partNumber": null,
    "microversionId": "bd0e7429f375c8dd60692f02",
    "partQuery": "query=qCompressed(1.0,\"&254$eJx9kctygjAUhl8mXdYhCFaXXFLBC9gEW3HDBBIxXgAhWHn7gsx006HLc873/+f2Yurgo+Zls9YJVAETFb3GIq2pFHlmU0kNuFb/VoKm4ASOgY/duesZq8hGG+TZyLNCMgN5KVKR0UtlTC2lNaaAZ1LIplOZFKDfgGgA2XNEYnAUlczLPjkFFkZG4PpeW8gLXj5busxUgcsMSCAcTcA7v56IrNBNP2RwuoiUb1Fyv2i737p1nkYMkCUKLCdCXuAGIeGgOnOZHPsBXEaSzkgpTHHPDPSpXuJcyvzazYw1rOMJfsNTTHGME8zIK1RHGrjwg/wH0EG7+3GISEAA948d1NnYSZNBSFv69erMFpcktgeh1XaTZmElmxSxQeiUErhYnAK6W9aDUIjgbb6pGb9zhjVr0n7F9O2w56y4v/isPdR6r0FltnVWxmziREpeoIcsWx2O2xeTL7QJok74Awb+vds=\",id);",
    "partId": "JHD",
    "configurationId": "",
    "bodyType": "solid",
    "isFlattenedBody": false,
    "thumbnailConfigurationId": "",
    "isMesh": false,
    "appearance": {
      "isGenerated": true,
      "color": {
        "red": 157,
        "green": 207,
        "blue": 237
      },
      "opacity": 255
    },
    "isHidden": false,
    "ordinal": 0,
    "propertySourceTypes": {
      "57f3fb8efa3416c06701d60d": 3
    }
  },
  {
    "state": "IN_PROGRESS",
    "name": "Motor Bottom",
    "description": null,
    "revision": null,
    "elementId": "23cb41639794ac5f8d835823",
    "partNumber": null,
    "microversionId": "bd0e7429f375c8dd60692f02",
    "partQuery": "query=qCompressed(1.0,\"&276$eJx9kk1zgjAQhv/M9ljHIFg98hEVtWCT2EovTCAR4wcghKr/vlhneunQ4+4+++67s/vkWPDWyOr2alFkgFA1PyUqa7hWRe5xzW30avytsFspKRpASPypH9jL2MMrHHg4cCM6hqJSmcr5sbbHbr8V5iBzrfTt3uVwwL8BNQF7U0wT2KlaF9UjOQKXYJv5YdAWilJWPyN94RjgCxtRhHpDmMjTnuoan61tjkbzuH9RlQzLdvr5vs6PkAC6wMydxThgPouohPogdbp7GPAFTXsDmPRLR33lNn43jroo74aJSSwyJC9kRDhJSEoEfUZGz4Sj3Op/AAvaxXddRAoMfV43yBKDWZZ2QuYibJYHMT+midcJLderLI9qfcuw6IT2GUXz+Z7xzaLphCKMztNVI+SX7FYyM7dgI9W8bY0NMd1hezcn9KIH5yaPm4xhsl6Xh/riXEzjU6TDGBUlvuqqFSdJ+wT0A69YfG/8BsJgyTg=\",id);",
    "partId": "JID",
    "configurationId": "",
    "bodyType": "solid",
    "isFlattenedBody": false,
    "thumbnailConfigurationId": "",
    "isMesh": false,
    "appearance": {
      "isGenerated": false,
      "color": {
        "red": 253,
        "green": 253,
        "blue": 253
      },
      "opacity": 255
    },
    "isHidden": false,
    "ordinal": 1,
    "propertySourceTypes": {
      "57f3fb8efa3416c06701d60d": 3,
      "57f3fb8efa3416c06701d60c": 3
    }
  },
  {
    "state": "IN_PROGRESS",
    "name": "Motor Axle",
    "description": null,
    "revision": null,
    "elementId": "23cb41639794ac5f8d835823",
    "partNumber": null,
    "microversionId": "bd0e7429f375c8dd60692f02",
    "partQuery": "query=qCompressed(1.0,\"&2a0$eJx1kk1zgjAQhv9Meu0IiOARSNSogCahyokJkhGs5SOEVvz1RZ3ppcNxd5/dfffjzTXBvhOy902q6SArWv6VFueOq6IqIVfc0Xz9f4T1taCaAUKClzhwtglEOxRAFHgxnYNKFuei5NfW4d5kKMyBKFWh+keWywH6M+gUILhENAV50apKvpw28AhyGA6DIVDVQj5b4szVAc4cjWra+wwspA4bdsNof90aP/fE+CmkCOuhe/MY51koA3SDmLdKUMAwi6kA7adQp/wlAGf09K4BNwu69quHx2ZCJg+5ZEpMMiMWsQknKTmRgQMsXs3jKLC8SKejULtIlXW9bSzlB6PQWnaTm1kfnUhUo5CeHWeKqPMlXPJRyLD3eGWl/nraxaMQp96a7KymDztnFIIfsC+N9el+bsZXIPOodMMo3+L4MgotuvxQatzcbpaSTL3ZcGE3hPGL89LX9eZgcfXvtqO+a4ZLZeeJUdXopmSXCZIO70IPaMeSR+IvdR3WdQ==\",id);",
    "partId": "RwBD",
    "configurationId": "",
    "bodyType": "solid",
    "isFlattenedBody": false,
    "thumbnailConfigurationId": "",
    "isMesh": false,
    "appearance": {
      "isGenerated": false,
      "color": {
        "red": 157,
        "green": 207,
        "blue": 237
      },
      "opacity": 255
    },
    "isHidden": false,
    "ordinal": 2,
    "propertySourceTypes": {
      "57f3fb8efa3416c06701d60d": 3,
      "57f3fb8efa3416c06701d60c": 3
    }
  }
]


## Example assembly definition with subAssemblies
{
  "rootAssembly": {
    "documentId": "ede5b298fabfaa8e77cfce0f",
    "documentMicroversion": "8ae06efff340e2d1161169e3",
    "configuration": "default",
    "fullConfiguration": "default",
    "elementId": "7153984ee942e8628b5d06aa",
    "occurrences": [
      {
        "path": [
          "MUqUfVpS8QEk7ycLg"
        ],
        "transform": [
          1.0,
          -1.3877787807814454E-16,
          1.2435293734600464E-16,
          0.07824091815902966,
          1.3877787807814454E-16,
          1.0,
          1.7257436777651916E-32,
          0.04766429062093805,
          -1.2435293734600464E-16,
          1.1062594517189279E-44,
          1.0,
          -0.03957310824945702,
          0.0,
          0.0,
          0.0,
          1.0
        ],
        "fixed": false,
        "hidden": false
      },
      {
        "path": [
          "MiiB8IDCyS3kDnUE8"
        ],
        "transform": [
          0.055876384360182364,
          -0.9984376944360793,
          -1.3311393153087823E-15,
          0.03171670242278895,
          8.175352920397139E-16,
          1.1713420143584242E-15,
          -1.0000000000000002,
          0.0709142906209378,
          0.9984376944360793,
          0.055876384360182586,
          7.426266720633475E-16,
          -0.009439192207040127,
          0.0,
          0.0,
          0.0,
          1.0
        ],
        "fixed": false,
        "hidden": false
      },
      {
        "path": [
          "M4wHWHWo6PQ5JFca3"
        ],
        "transform": [
          1.0000000000000004,
          1.387778780781438E-16,
          -1.9721522630525295E-31,
          0.07824091815902966,
          -1.3877787807814513E-16,
          0.9999999999999991,
          4.437342591868191E-31,
          -0.010460709379061905,
          -1.9721522630525295E-31,
          4.437342591868191E-31,
          0.9999999999999991,
          -0.008573108249457007,
          0.0,
          0.0,
          0.0,
          1.0
        ],
        "fixed": false,
        "hidden": false
      },
      {
        "path": [
          "MpVmUsHicQts2EVtw"
        ],
        "transform": [
          -0.35760765398438243,
          6.159883395867304E-16,
          -0.933871921524457,
          -0.01896522116436749,
          2.8943364360070495E-16,
          0.9999999999999978,
          5.487740251125092E-16,
          -0.04184820937906172,
          0.9338719215244561,
          -7.404816121517285E-17,
          -0.35760765398438255,
          -3.6319942075897197E-4,
          0.0,
          0.0,
          0.0,
          1.0
        ],
        "fixed": false,
        "hidden": false
      },
      {
        "path": [
          "MBGILrWsIGIe5Yh8g"
        ],
        "transform": [
          0.6692491714483396,
          -1.1177279974014909E-15,
          -0.7430380518625604,
          0.02397881029090932,
          -2.1080434957757437E-15,
          -0.999999999999973,
          -1.0274496563340271E-16,
          0.05928929062093795,
          -0.7430380518625647,
          1.2809050248220115E-15,
          -0.6692491714483375,
          -0.009006150228248699,
          0.0,
          0.0,
          0.0,
          1.0
        ],
        "fixed": false,
        "hidden": false
      },
      {
        "path": [
          "Mavh8EcIZ1GBa6T2h"
        ],
        "transform": [
          1.0,
          0.0,
          0.0,
          0.04868158341671723,
          0.0,
          1.0,
          0.0,
          -0.09017336194670945,
          0.0,
          0.0,
          1.0,
          -0.10951563460292622,
          0.0,
          0.0,
          0.0,
          1.0
        ],
        "fixed": false,
        "hidden": false
      },
      {
        "path": [
          "MIbDHqA3O36NnEhaZ"
        ],
        "transform": [
          1.00000000000002,
          2.559170690415966E-30,
          8.872830859489215E-16,
          0.01624091815902965,
          -2.25759291717425E-29,
          0.9999999999999962,
          0.0,
          0.043789290620938046,
          1.1111183568806242E-15,
          0.0,
          0.9999999999999909,
          -0.024073108249457006,
          0.0,
          0.0,
          0.0,
          1.0
        ],
        "fixed": false,
        "hidden": false
      },
      {
        "path": [
          "MLOn2sv0vuqS6hW3n"
        ],
        "transform": [
          -0.239246323297172,
          6.324142814450251E-16,
          -0.9709589058187683,
          0.008503026027150164,
          2.1820312298593048E-16,
          0.9999999999999963,
          5.975638959193762E-16,
          -0.025960709379061794,
          0.9709589058187678,
          -6.89013005068036E-17,
          -0.2392463232971715,
          -0.008140066270665615,
          0.0,
          0.0,
          0.0,
          1.0
        ],
        "fixed": false,
        "hidden": false
      },
      {
        "path": [
          "Mavh8EcIZ1GBa6T2h",
          "M+pUsxkNTzaMPiVZY"
        ],
        "transform": [
          1.0,
          0.0,
          0.0,
          0.054255135955828135,
          0.0,
          1.0,
          0.0,
          -0.09333393180232553,
          0.0,
          0.0,
          1.0,
          -0.10366902909403557,
          0.0,
          0.0,
          0.0,
          1.0
        ],
        "fixed": false,
        "hidden": false
      },
      {
        "path": [
          "MZSy7EINSTA9qyQ43"
        ],
        "transform": [
          -0.05587638436018349,
          -0.9984376944360773,
          1.1489203838168795E-15,
          0.01624091815902972,
          -5.910724374938645E-16,
          1.1907811479149369E-15,
          0.9999999999999977,
          0.055414290620937987,
          -0.9984376944360819,
          0.05587638436018379,
          -6.759177190109904E-16,
          -0.00857310824945727,
          0.0,
          0.0,
          0.0,
          1.0
        ],
        "fixed": false,
        "hidden": false
      },
      {
        "path": [
          "MMrby/N+SCOr7Owmd"
        ],
        "transform": [
          -0.9984376944361083,
          -1.6770085912386231E-15,
          0.055876384360179866,
          0.008503026027150086,
          1.1109069444804332E-15,
          -0.9999999999999687,
          9.679833738169106E-16,
          0.059289290620938316,
          0.05587638436018509,
          6.112993414670557E-16,
          0.9984376944360506,
          -0.008140066270665875,
          0.0,
          0.0,
          0.0,
          1.0
        ],
        "fixed": false,
        "hidden": false
      },
      {
        "path": [
          "Mp7VR54WpuHYIt2i1"
        ],
        "transform": [
          -0.9705288090824076,
          0.24098512555979956,
          4.49953598292074E-17,
          0.09374091815902966,
          -2.619432448724964E-16,
          -1.2416485234406835E-15,
          1.0,
          0.06678377625109255,
          0.24098512555979956,
          0.9705288090824076,
          1.2681800885089671E-15,
          -0.039573108249457,
          0.0,
          0.0,
          0.0,
          1.0
        ],
        "fixed": false,
        "hidden": false
      },
      {
        "path": [
          "MmnbMLXxORosGmrC4"
        ],
        "transform": [
          0.9988723075678285,
          1.38621379315283E-16,
          0.04747750176790155,
          0.07824091815902967,
          -1.3877787807814454E-16,
          1.0,
          0.0,
          -0.010460709379061904,
          -0.04747750176790155,
          -6.588826951800733E-18,
          0.9988723075678285,
          -0.02407310824945699,
          0.0,
          0.0,
          0.0,
          1.0
        ],
        "fixed": false,
        "hidden": false
      },
      {
        "path": [
          "MUxxk0NvGdZUxaph0"
        ],
        "transform": [
          -0.7820828065349259,
          -1.4535094027193001E-15,
          -0.6231745210793196,
          -0.018965221164367912,
          4.759874286287323E-16,
          -0.9999999999999671,
          1.62814084955803E-15,
          0.07478929062093784,
          -0.6231745210792743,
          1.7805063265264325E-15,
          0.782082806534983,
          -3.6319942075920155E-4,
          0.0,
          0.0,
          0.0,
          1.0
        ],
        "fixed": false,
        "hidden": false
      },
      {
        "path": [
          "MZjF/3VKKKVh/C+xJ"
        ],
        "transform": [
          1.0000000000000406,
          -4.3021142204224816E-15,
          -1.387778780781665E-16,
          0.01624091815902975,
          1.387778780781278E-16,
          -1.3620176566706532E-30,
          0.9999999999999933,
          0.04766429062093802,
          1.6653345369377348E-16,
          -0.999999999999983,
          1.4653876238230457E-30,
          -8.231082494574026E-4,
          0.0,
          0.0,
          0.0,
          1.0
        ],
        "fixed": false,
        "hidden": false
      },
      {
        "path": [
          "M8Z4OFxlihpYrf+ZJ"
        ],
        "transform": [
          0.3636413876602757,
          -0.931539017529864,
          -2.165343624449618E-15,
          0.016240918159029546,
          3.2759494082213507E-16,
          2.4523618016326576E-15,
          -1.0,
          0.006787657476227204,
          0.931539017529864,
          0.3636413876602757,
          1.1969477179119764E-15,
          -0.03914685824945694,
          0.0,
          0.0,
          0.0,
          1.0
        ],
        "fixed": false,
        "hidden": false
      },
      {
        "path": [
          "MEISjDB2qGD7ifBHo"
        ],
        "transform": [
          -0.05587638436018328,
          -0.9984376944360759,
          5.705311446533956E-16,
          0.01624091815902965,
          -1.8851469589142236E-16,
          5.819738852976267E-16,
          0.9999999999999969,
          -0.0112357093790619,
          -0.9984376944360758,
          0.05587638436018381,
          -2.207387748356309E-16,
          -0.008573108249457027,
          0.0,
          0.0,
          0.0,
          1.0
        ],
        "fixed": false,
        "hidden": false
      },
      {
        "path": [
          "M/otJ96z7VHsO48lr",
          "MjI87yYkDjCOn8g3p",
          "MEJUCh3qTDamQl2UK"
        ],
        "transform": [
          0.9321227549975293,
          0.0,
          -0.3621424714332933,
          0.09374091815902931,
          0.0,
          1.0,
          0.0,
          -0.030085709379061916,
          0.3621424714332933,
          0.0,
          0.9321227549975293,
          -0.03957310824945661,
          0.0,
          0.0,
          0.0,
          1.0
        ],
        "fixed": false,
        "hidden": false
      },
      {
        "path": [
          "Mu6PFHQzWZdJQ5PrE"
        ],
        "transform": [
          -0.24098512555980142,
          5.846415270302432E-17,
          0.9705288090824151,
          0.09374091815902966,
          1.2416485234406932E-15,
          1.0,
          2.480654570646846E-16,
          0.06290877625109255,
          -0.9705288090824151,
          1.2648357480716148E-15,
          -0.24098512555980142,
          -0.039573108249457006,
          0.0,
          0.0,
          0.0,
          1.0
        ],
        "fixed": false,
        "hidden": false
      },
      {
        "path": [
          "MbDFpIFy35GbI3P+O"
        ],
        "transform": [
          -0.8358375372299905,
          -0.5489768768876184,
          1.8755143630052283E-15,
          -0.009881110099253708,
          1.7569677338597295E-16,
          1.1358079142214775E-15,
          0.9999999999999896,
          0.0747892906209378,
          -0.5489768768876343,
          0.8358375372300092,
          -1.514419663358049E-15,
          -0.007841366887235808,
          0.0,
          0.0,
          0.0,
          1.0
        ],
        "fixed": false,
        "hidden": false
      },
      {
        "path": [
          "M/OHuGDhOt3HF5HUo"
        ],
        "transform": [
          1.0000000000000004,
          -5.423418723394456E-31,
          -1.9721522630525295E-31,
          0.07824091815902966,
          -6.162975822039155E-31,
          0.9999999999999991,
          4.437342591868191E-31,
          0.04378929062093805,
          -1.97215226305253E-31,
          4.437342591868191E-31,
          0.9999999999999991,
          -0.008573108249457022,
          0.0,
          0.0,
          0.0,
          1.0
        ],
        "fixed": false,
        "hidden": false
      },
      {
        "path": [
          "M/otJ96z7VHsO48lr"
        ],
        "transform": [
          1.0,
          0.0,
          0.0,
          0.07407531816643664,
          0.0,
          1.0,
          0.0,
          -0.0355249095723294,
          0.0,
          0.0,
          1.0,
          -0.0708036658964877,
          0.0,
          0.0,
          0.0,
          1.0
        ],
        "fixed": false,
        "hidden": false
      },
      {
        "path": [
          "MGQRCQNqSvWAqyP/t"
        ],
        "transform": [
          0.9321227549975293,
          0.3621424714332931,
          0.0,
          0.09374091815902946,
          0.0,
          0.0,
          1.0,
          -0.03879136377954542,
          0.3621424714332931,
          -0.9321227549975293,
          0.0,
          -0.03957310824945664,
          0.0,
          0.0,
          0.0,
          1.0
        ],
        "fixed": false,
        "hidden": false
      },
      {
        "path": [
          "M/otJ96z7VHsO48lr",
          "MjI87yYkDjCOn8g3p"
        ],
        "transform": [
          1.0,
          0.0,
          0.0,
          0.055563605171062735,
          0.0,
          1.0,
          0.0,
          -0.03633770544352154,
          0.0,
          0.0,
          1.0,
          -0.07883589309195088,
          0.0,
          0.0,
          0.0,
          1.0
        ],
        "fixed": false,
        "hidden": false
      },
      {
        "path": [
          "Mpuw4P3egT7GnoTAZ"
        ],
        "transform": [
          -0.9315390175298667,
          -0.3636413876602765,
          -2.209434072275337E-15,
          0.01624091815902965,
          2.6013107287120054E-15,
          -7.771561172376112E-16,
          -1.0000000000000004,
          0.05541429062093796,
          0.36364138766027637,
          -0.9315390175298671,
          1.6852216071673422E-15,
          -0.039146858249457,
          0.0,
          0.0,
          0.0,
          1.0
        ],
        "fixed": false,
        "hidden": false
      },
      {
        "path": [
          "MehmbYsImJ8kn3eCD"
        ],
        "transform": [
          -0.9984376944360631,
          0.05587638436018222,
          6.130478871081275E-16,
          0.016240918159029658,
          6.228405062449335E-16,
          1.5784041951629703E-16,
          0.9999999999999846,
          -0.02208570937906185,
          0.05587638436018247,
          0.9984376944360602,
          -1.923959000727352E-16,
          -0.00857310824945703,
          0.0,
          0.0,
          0.0,
          1.0
        ],
        "fixed": false,
        "hidden": false
      },
      {
        "path": [
          "MwEmC5TvsmQjLKjbC"
        ],
        "transform": [
          0.9999999999999877,
          0.0,
          -9.8879238130678E-17,
          0.07824091815902966,
          0.0,
          1.0,
          0.0,
          -0.014335709379061905,
          9.8879238130678E-17,
          0.0,
          0.9999999999999877,
          -0.039573108249456625,
          0.0,
          0.0,
          0.0,
          1.0
        ],
        "fixed": false,
        "hidden": false
      },
      {
        "path": [
          "Mavh8EcIZ1GBa6T2h",
          "M+pUsxkNTzaMPiVZY",
          "MY5NQNDUSH77nPjqV"
        ],
        "transform": [
          -1.3877787807814457E-17,
          0.9999999999999973,
          -6.796312134615371E-16,
          0.016240918159029595,
          -4.406527712757996E-31,
          4.201375254481583E-17,
          -0.9999999999999993,
          0.027669290620938033,
          -0.9999999999999992,
          1.3877787807814457E-17,
          5.361788965174065E-31,
          -0.039146858249456976,
          0.0,
          0.0,
          0.0,
          1.0
        ],
        "fixed": false,
        "hidden": false
      },
      {
        "path": [
          "M5JzE4XMRy6uJ/9O1"
        ],
        "transform": [
          1.0000000000000004,
          1.387778780781444E-16,
          1.3877787807814513E-16,
          0.008490918159029609,
          1.387778780781438E-16,
          4.629935586306914E-31,
          -0.9999999999999991,
          0.00868179062093805,
          -1.3877787807814462E-16,
          0.9999999999999991,
          -4.437342591868191E-31,
          -0.02752185824945699,
          0.0,
          0.0,
          0.0,
          1.0
        ],
        "fixed": false,
        "hidden": false
      },
      {
        "path": [
          "Mavh8EcIZ1GBa6T2h",
          "M+pUsxkNTzaMPiVZY",
          "MghhTbUoawxWP8KSl"
        ],
        "transform": [
          1.4791141972893996E-30,
          1.0,
          5.551115123125783E-17,
          0.016240918159029526,
          -5.103904807968786E-31,
          5.551115123125783E-17,
          -1.0,
          0.027669290620938036,
          -1.0,
          1.4791141972893978E-30,
          5.103904807968772E-31,
          -0.03914685824945697,
          0.0,
          0.0,
          0.0,
          1.0
        ],
        "fixed": false,
        "hidden": false
      },
      {
        "path": [
          "MyC7oWhpFD91ByehP"
        ],
        "transform": [
          -0.9705288090823729,
          0.24098512555979093,
          -7.790737514436965E-17,
          0.09374091815902966,
          -3.88578058618789E-16,
          -1.241648523440639E-15,
          1.0,
          0.05103377625109256,
          0.24098512555979093,
          0.9705288090823729,
          1.2986971949998664E-15,
          -0.03957310824945702,
          0.0,
          0.0,
          0.0,
          1.0
        ],
        "fixed": false,
        "hidden": false
      },
      {
        "path": [
          "MhZcyxqbxelJRYxgU"
        ],
        "transform": [
          0.9315390175298651,
          0.3636413876602761,
          -2.3595660895698773E-15,
          0.01624091815902948,
          -2.601310728712001E-15,
          1.75052546559603E-16,
          -0.9999999999999999,
          -0.022085709379061798,
          -0.3636413876602761,
          0.9315390175298651,
          1.1090125203626322E-15,
          -0.03914685824945692,
          0.0,
          0.0,
          0.0,
          1.0
        ],
        "fixed": false,
        "hidden": false
      },
      {
        "path": [
          "MNN3IeC8Z7DCyc480"
        ],
        "transform": [
          1.0,
          0.0,
          0.0,
          0.0029766119871563884,
          0.0,
          1.0,
          0.0,
          0.008430259050511129,
          0.0,
          0.0,
          1.0,
          0.010067566762936807,
          0.0,
          0.0,
          0.0,
          1.0
        ],
        "fixed": false,
        "hidden": false
      },
      {
        "path": [
          "M8EWzNoDtLn2Hcwu7"
        ],
        "transform": [
          -0.239246323297172,
          6.324142814450251E-16,
          -0.9709589058187683,
          0.02397881029090914,
          2.1820312298593048E-16,
          0.9999999999999963,
          5.975638959193762E-16,
          -0.0263482093790618,
          0.9709589058187678,
          -6.89013005068036E-17,
          -0.2392463232971715,
          -0.009006150228248444,
          0.0,
          0.0,
          0.0,
          1.0
        ],
        "fixed": false,
        "hidden": false
      },
      {
        "path": [
          "MleST05ZSOjCQiTlH"
        ],
        "transform": [
          1.0000000000000044,
          1.1102230246251565E-16,
          -1.38777878022632E-16,
          0.01624091815902965,
          1.3877787802262791E-16,
          -1.6593091332669246E-25,
          1.0,
          -0.014335709379061907,
          6.106226635438361E-16,
          -0.9999999999999987,
          -1.659303004791544E-25,
          -8.231082494570413E-4,
          0.0,
          0.0,
          0.0,
          1.0
        ],
        "fixed": false,
        "hidden": false
      },
      {
        "path": [
          "MwBc9pW0AMkuewp+X"
        ],
        "transform": [
          -0.8358375372299852,
          -0.5489768768876312,
          5.942975000927727E-16,
          -0.009881110099253158,
          3.4015187316136163E-16,
          5.64660934177848E-16,
          0.9999999999999946,
          -0.04959820937906168,
          -0.5489768768876293,
          0.8358375372299867,
          -2.8522929159760976E-16,
          -0.007841366887235338,
          0.0,
          0.0,
          0.0,
          1.0
        ],
        "fixed": false,
        "hidden": false
      },
      {
        "path": [
          "MuBydQ0UDni0vblzY"
        ],
        "transform": [
          -0.05587638436018354,
          0.9984376944360772,
          2.4995080557379543E-16,
          0.01624091815902965,
          -1.2117819148697662E-15,
          1.8252597488397559E-16,
          -0.9999999999999973,
          0.044564290620938043,
          -0.9984376944360809,
          -0.05587638436018319,
          1.1996898497135733E-15,
          -0.00857310824945702,
          0.0,
          0.0,
          0.0,
          1.0
        ],
        "fixed": false,
        "hidden": false
      },
      {
        "path": [
          "MNN3IeC8Z7DCyc480",
          "M6z5WmYM+Jkbs2ft4",
          "Mae67K78Lx3CMzBdp"
        ],
        "transform": [
          1.0000000000000002,
          -6.495612256662054E-16,
          -6.495612256662055E-16,
          0.047240918159029685,
          6.495612256662046E-16,
          0.9999999999999996,
          -3.3306690738754696E-16,
          0.016664290620938077,
          6.495612256662055E-16,
          3.3306690738754696E-16,
          0.9999999999999996,
          -0.027948108249457034,
          0.0,
          0.0,
          0.0,
          1.0
        ],
        "fixed": false,
        "hidden": false
      },
      {
        "path": [
          "MTpOEVzQsiQ8MvLYP"
        ],
        "transform": [
          1.0000000000000004,
          1.387778780781444E-16,
          1.3877787807814513E-16,
          0.008490918159029612,
          1.387778780781438E-16,
          4.629935586306914E-31,
          -0.9999999999999991,
          0.024181790620938032,
          -1.3877787807814462E-16,
          0.9999999999999991,
          -4.437342591868191E-31,
          -0.02752185824945699,
          0.0,
          0.0,
          0.0,
          1.0
        ],
        "fixed": false,
        "hidden": false
      },
      {
        "path": [
          "MNN3IeC8Z7DCyc480",
          "M6z5WmYM+Jkbs2ft4",
          "MzNJ4g/DENpVEsLWf"
        ],
        "transform": [
          1.0000000000000004,
          -1.3877787807814513E-16,
          -1.9721522630525295E-31,
          0.04724091815902966,
          1.387778780781438E-16,
          0.9999999999999991,
          4.437342591868191E-31,
          0.016664290620938077,
          -1.9721522630525295E-31,
          4.437342591868191E-31,
          0.9999999999999991,
          -0.027948108249457003,
          0.0,
          0.0,
          0.0,
          1.0
